85
222
284
295
63
471
371
251
26
105
85
120
52
206
406
455
19
129
288
25
202
205
421
10
286
16
394
280
377
424
157
436
369
118
9
254
178
164
120
435
274
402
128
224
142
358
252
482
196
298
489
75
242
17
390
66
3
263
495
337
435
487
473
241
9
291
187
355
213
220
389
148
352
201
398
233
279
207
211
130
450
247
277
457
434
244
93
385
303
8
109
356
29
206
207
319
262
186
58
136
28
107
333
383
394
339
336
281
475
13
326
57
392
124
307
46
258
475
45
375
175
293
113
338
144
75
47
469
46
463
212
109
219
52
57
479
409
116
300
403
312
449
448
347
196
327
434
160
260
359
210
488
348
248
399
186
210
64
26
242
165
92
277
288
451
107
330
64
29
212
387
86
131
407
399
53
361
304
179
24
458
266
152
264
55
306
289
290
419
247
40
407
208
335
38
499
177
474
345
346
366
467
203
119
290
416
320
192
483
23
13
225
234
452
15
400
356
10
135
225
431
80
62
227
488
483
1
78
289
261
378
254
352
345
366
412
348
77
285
62
492
141
120
50
389
439
187
149
291
116